Mixture	B cells naive	B cells memory	Plasma cells	T cells CD8	T cells CD4 naive	T cells CD4 memory resting	T cells CD4 memory activated	T cells follicular helper	T cells regulatory (Tregs)	T cells gamma delta	NK cells resting	NK cells activated	Monocytes	Macrophages M0	Macrophages M1	Macrophages M2	Dendritic cells resting	Dendritic cells activated	Mast cells resting	Mast cells activated	Eosinophils	Neutrophils	P-value	Correlation	RMSE
GSM1296960	0	0.191952603312004	0.175159257965819	0.142242958005971	0	0.0468313128602103	0	0.0310801049755011	0.0384684279355757	0	0.0148153342340772	0	0	0	0.106859347192292	0.0848292263006774	0.00310711607133841	0.0314216193450259	0	0.101717616297059	0	0.0315150755044488	0.00800000000000001	0.238349064680697	1.00868199538563
GSM1296962	0	0	0.395687336931484	0	0	0.0703875296850288	0	0.0360673399709042	0.0349253714946615	0	0	0.0362238621683539	0.0623637196610593	0.0664092733604292	0.0126624422673839	0.200883111817475	0	0	0.0351934430470746	0	0.0224642013692465	0.0267323682269	0.035	0.16962128200446	1.084825233182
GSM1296964	0	0.0346754863750847	0.422184931970197	0.0678331635406593	0	0.0835870794781647	0	0.0507827432444398	0.0680985879703676	0	0	0.0135850485600541	0.0467424832157068	0.0147863199619444	0.0194244327470547	0.0926069289254162	0.000356144326056511	0.00514386246684568	0	0.0511857232502764	0	0.0290070639677322	0	0.407447899366888	0.953374594126076
GSM1296966	0	0.0326025521893004	0.237122546204965	0.290183005887444	0	0	0.118630711861682	0.00654073428099609	0.0195663229080802	0	0	0.0172431880615999	0.0445467170880832	0.0033701498377369	0.079685276575357	0.0767109056429923	0	0	0.0725126646123929	0	0	0.00128522484936983	0	0.437880337700265	0.900732833652546
GSM1296968	0	0	0.398379659537345	0.0374705706499151	0	0.00529363934521222	0	0.0728700135553867	0.0991675395622497	0	0	0.0371771996929862	0.0286409859047852	0	0.0932883110594516	0.196810605481423	0	0	0.0205742734390088	0.00387166823866999	0	0.00645553353356646	0	0.396660018293559	0.950567741876157
GSM1296970	0	0.0396169948571264	0.239633748931684	0.080709499602652	0	0.0590576067352646	0.0627820764497818	0.0329160474964598	0.0273891037154635	0	0.00559602590740104	0.0158191234243417	0.046875540405412	0	0.181120508031645	0.118049630168879	0	0	0.0441456582008367	0	0.036364626864246	0.0099238092088069	0.00900000000000001	0.230029815581535	1.01471390891321
GSM1296974	0	0.0677993017795436	0.291507247263521	0.126850936412836	0	0	0.0136567481078871	0.0571468649241808	0.05513910682537	0	0	0.0203606584950332	0.0463413836334175	0.030091099375334	0.125412932249192	0.0895501401234167	0	0	0.0674783179890056	0	0	0.00866526282126275	0	0.448656803989412	0.89969527462616
GSM1296976	0	0.0710894532897388	0.13964145190754	0.0302031243285971	0	0.153871047821936	0	0.130470474089553	0.00946934445317107	0	0	0.0653325822330281	0.0415472623437772	0.0439723209624879	0.0466430496723807	0.100827499871399	0.075032575450188	0	0	0.0266216730978882	0	0.0652781404783149	0.496	0.0359668194021584	1.0713159673755
GSM1296978	0	0.0241386092289088	0.246585357171198	0.0969882091504534	0	0.128308692718562	0.0325658980425518	0.0233575603834085	0.030852506783067	0	0.00150766801969737	0.0371997050504876	0.0362900342358692	0	0.174662950544246	0.139997499685724	0.0168426021577112	0	0	0.0107027068281151	0	0	0.042	0.164917676650364	1.05303008774983
GSM1296982	0	0.0718035857340635	0.272416789040289	0.0497523840247424	0	0.135176800256996	0	0.0804803665564664	0.0577619331758901	0	0.000319042807666016	0	0.0688490888005562	0	0.0576940321447852	0.0243035595765782	0.0106617632912819	0.0712051225625559	0.0694923556312959	0.0101954679898972	0.00118739747000579	0.0187003109369306	0.001	0.340119508848892	0.959395242851811
GSM1296988	0	0.122847939085618	0.101708385945524	0	0	0.135580921546128	0	0.00114212183571901	0.042906393039226	0	0.061306990956439	0	0.056211614145409	0	0.0384178250492739	0.140110302049557	0.0674044957102487	0.112418385687874	0	0.0638046988879215	0	0.0561399260610619	0.562	0.0259281679910339	1.06432696099833
GSM1296990	0	0.155817358319685	0.224966349286932	0.0805099338983662	0	0.070769032507505	0	0.0350172391679922	0.00880171374194615	0	0	0.0490413093004455	0.0485287098419626	0.069590156519194	0.0257555075747586	0.145318578754177	0.0249462173919689	0	0.0355062769892181	0.00361964846756622	0	0.0218119682382819	0.0639999999999999	0.144104105475198	1.05293158358894
GSM1296992	0	0.0284792049555513	0.261541326372401	0.0480076075459695	0	0	0.00454651070826139	0.104521787610419	0.0773750231677538	0.0380376352882004	0	0.0411284879575172	0.0362055361892601	0.0498977688602051	0.0550108098589817	0.084564867695771	0.0210238849775833	0	0.127743435715498	0	0.00671548517800947	0.0152006279186186	0.002	0.30977815658796	0.967705682312811
GSM1296994	0	0.128997450011473	0.214254770731219	0.0622383526036627	0	0.0361238306238745	0	0.0651994259589911	0.0418440628754859	0	0.0358573890963943	0.0365997219929086	0.0604978643461062	0.0202970501649978	0.175802189208889	0.0465246402339669	0.00236034641866858	0	0	0.0495104341792184	0	0.0238924715541444	0.043	0.164776915875989	1.05638353595802
GSM1296996	0	0	0.393687421705068	0.0745270044059609	0	0.0532309784908086	0	0.0360688116129539	0.0712019990891683	0	0	0.0482452716070628	0.0721929318915052	0	0.0437138219564956	0.0933444749669718	0	0.0384532434988074	0.0753340407751978	0	0	0	0.003	0.291436481039492	1.01353437448539
GSM1297000	0	0	0.261049802585903	0.107188107666749	0	0.0636005253888913	0	0.0746256793749399	0.054069329058321	0	0	0.058009912320067	0.0480464024790448	0	0.151004530282077	0.120829600508633	0.0165377838229551	0	0.0402390101181374	0	0.00479931639428172	0	0.003	0.265394131885025	0.99872550737976
GSM1297002	0	0	0.318407887866159	0.070790825585346	0	0.0607055966477074	0	0	0.0810075017457113	0	0	0.0518510466468019	0.0738031802956033	0	0.0613238513032925	0.155624301552035	0.00526822919227232	0	0.0518818257433487	0	0.0644574508665824	0.00487830255514035	0.00700000000000001	0.244553732825525	1.01219252331998
GSM1297004	0	0	0.311344549026291	0.0532391788227647	0	0.127147035184193	0	0.0247349687913889	0.0406971417811698	0	0	0.0112440995698759	0.060332592269051	0	0.108880897299532	0.0885934371068087	0	0	0	0.123776806176993	0.0118273208907914	0.0381819730811408	0.002	0.324576622671612	0.973045378395485
GSM1297008	0	0	0.240859372134833	0.0229067097786297	0	0.166890511245817	0	0.000155497397849489	0.0520149816253763	0	0	0.109709956550935	0.0969470808260614	0	0.025368299551433	0.15127115211354	0.0140762084167843	0	0.108931352110155	0	0.0108688782485867	0	0.285	0.0676044109038537	1.07603477229823
GSM1297010	0	0.025844825633884	0.258198858087692	0.133842639739925	0	0.0481375546056517	0	0.09274237626331	0.0717139137704152	0	0	0.117018065903696	0.028327284480802	0	0.0221146808920725	0.0530474468958854	0	0.00798089858730751	0	0.0560610572782721	0.0173834484765849	0.0675869493845008	0.188	0.0917622992793842	1.09438297290624
GSM1297012	0	0	0.216982523229446	0.0616874625466043	0	0.124789680831753	0.0505206244675269	0.0443320637888538	0	0	0	0.0562017408450412	0.0231773520284604	0	0.176445028549081	0.158373945858078	0	0	0.0427700444408026	0	0	0.0447195334143526	0.011	0.222536177658259	1.01254272614121
GSM1297014	0	0.018976735065012	0.208864713276937	0.153591408337935	0	0.104427853449291	0.0744982861689685	0.0219813382825421	0.0376198882316753	0	0	0	0.0483897492172424	0	0.106131293009	0.0493489518379354	0.0377071096497326	0.0101791467417834	0.119813311298409	0	0	0.00847021543353715	0.00700000000000001	0.242826459200228	0.993782690950771
GSM1297016	0	0	0.155035689432683	0.00381558913797862	0	0.087095773091765	0	0.0211775884296321	0.0283971512381328	0	0	0.0291922347978646	0.0451680306103999	0.0351595037365329	0.0232979912603557	0.151654720444612	0.148954475584246	0	0.125401449047802	0	0.137591145298084	0.00805865788991228	0.00700000000000001	0.24303206889452	0.978028050681055
GSM1297018	0	0	0.362598205742163	0.0775712505168042	0	0.0531488888335702	0	0.0292368171950069	0.103818407183304	0	0	0.0653998014200255	0.0952284398907862	0	0.0936815387133633	0.097009054035019	0	0	0.0223075964699575	0	0	0	0.0669999999999999	0.142269161738976	1.09435208457205
GSM1297020	0	0.0150946824545281	0.21783734743362	0.181614010380653	0	0	0.066008591188238	0.0185236041943658	0.0214381993381831	0	0	0.0630798312310705	0.0328799548911666	0	0.0949700334198866	0.177270147446262	0.00926228811770854	0	0.085477802190855	0	0.00557399196544465	0.0109695157480177	0.002	0.321219884420372	0.957257923990371
GSM1297022	0	0.0908390954451508	0.257340886935702	0.130275915802433	0	0.00657074252904087	0	0.0737326714797709	0.103952407027842	0	0	0.0738788389061407	0.0445266618556855	0.00738449405011086	0.0727714302741598	0.0482359886875894	0.0569104123783368	0	0.0335804546280379	0	0	0	0.013	0.202350792325488	1.03634403946744
GSM1297024	0	0	0.381826442197465	0.103011129576111	0	0.00547012642056393	0	0.0172333300579762	0.0545215384340264	0	0	0.0623328344155457	0.079748980040671	0	0.0719435615717832	0.137668220051159	0.0122004592688798	0	0.0482076731586596	0	0.0258357048071587	0	0.004	0.257102789413146	1.03018916986034
GSM1297026	0	0.0696081566332735	0.251105016410151	0.0565631063481341	0	0.0864999927864164	0	0.0544862176881916	0.0479321441098897	0	0	0.0359621691433896	0.0584820750569652	0.0765482922225361	0.0422720923956444	0.138087023754265	0.0309721429884482	0	0.0374391918330188	0.00358131481777121	0	0.0104610638119048	0.003	0.257901322873979	0.993772769080327
GSM1297028	0	0.0340113319114895	0.146455138408194	0	0	0.207215358517867	0	0	0	0	0.025105623540498	0	0.0675523737280986	0.122108387686405	0.015908251611289	0.0360042969422417	0	0	0	0.201697860020636	0	0.143941377633281	0.225	0.0818539466153193	1.0674961256745
GSM1297030	0	0.0301409846753326	0.180428870919087	0.132643822075302	0	0.118214767505261	0	0.101769999777522	0.0068529046788036	0	0	0.0550712344213635	0.0830851349946924	0	0.135572903898347	0.0302542191683938	0.0109967847091359	0.00766867845426397	0	0.0704610869426881	0	0.0368386077798067	0.103	0.122838152371925	1.058153917605
GSM1297032	0	0.186101213570747	0.281853868301248	0.0768555436698144	0	0.0571896808988438	0	0.0549697599966244	0.0782709500756876	0	0	0.0935533819616965	0.0561296352528019	0.0152965342866102	0.00590485011233609	0.0478058327072041	0	0	0.0459832609783513	0	8.54881880342963e-05	0	0.00800000000000001	0.236272197426948	1.04181469898822
GSM1297034	0	0.0110989763039613	0.416189606260534	0.0968503368881338	0	0.067410850252477	0	0.0583779567672717	0.0398347890963146	0	0	0.0871586300250483	0.0438797795024162	0.0402250249933719	0.00918156870757964	0.0268853485220556	0	0	0.0877405986959554	0	0	0.0151665339848803	0.00900000000000001	0.231752888335262	1.06841076053502
GSM1297036	0	0.120375298111572	0.282522253849659	0.0282741679747095	0	0.149049689629267	0	0.0737506369367456	0.0397004743230009	0	0	0.103310661975833	0.0793943670936867	0.00704526841676776	0.0153009141030771	0.0442882562914513	0.00673602421553044	0	0.0230005036319696	0.0272514834467291	0	0	0.019	0.195964469798003	1.05345272484668
GSM1297038	0	0.000250687231754594	0.252975910027019	0.138204714522771	0	0.150456727021127	0	0.0187413711849161	0.0695102745151149	0.00189188231426883	0	0	0.053357706022159	0	0.0753732808532192	0.100641319683568	0	0.0676884267001072	0	0.0310465116849787	0.0052748653369158	0.034586322902081	0.003	0.284246479531197	0.983003113553541
GSM1297040	3.9221571965968e-06	0.00364611823429548	0.269486932877953	0.0862899859758385	0	0.0175124933930206	0	0.0846114346625888	0.0811884912982097	0	0	0.0653383604223749	0.0914663533613183	0	0.0621012415521219	0.170458839746021	0.00430319077243446	0	0	0.0315998380058379	0.0233226736569644	0.00867012388382505	0.00900000000000001	0.230347913493532	1.01086858701006
GSM1297042	0	0.198507642964205	0.395927978704749	0.046138449871939	0	0.0728630188775941	0	0.0675639234095274	0.0263322201862811	0	0	0.0777078883218099	0.0296118763017065	0	0	0.0313638451310095	0	0.00507858843415944	0.0424670304793168	0	0	0.00643753731770196	0	0.428526348735301	0.95788607856505
GSM1297044	0	0	0.311284766475165	0.0877247476334532	0	0.00370373308752738	0	0.0382319549115038	0.0807726670324706	0	0	0.0181100072028061	0.0694472838027051	0	0.141178576364308	0.109187320270785	0.070099429749211	0	0.0345850294275026	0	0.034809184577176	0.000865299465385603	0.002	0.30542952433755	0.982472734447095
GSM1297046	0	0.0447280823609575	0.265308709861935	0.0980273917241397	0	0.0757970495263331	0	0.0665331312408295	0.0591027054640298	0	0	0.0387822880963775	0.0943183640293102	0.0070921092687651	0.0469170291778506	0.0476215688331862	0.00147072083699952	0.0254777901899169	0.0555711789503074	0.0344629710501958	0	0.0387889093888664	0.003	0.260488268731439	0.997270044520135
GSM1297050	0	0.0188340850707474	0.303967102029277	0.0728417210956565	0	0	0	0.0656372102655028	0.106241606143836	0	0	0.0505450136728595	0.0350583348229617	0	0.104402818353694	0.14852588265294	0	0	0.0631601937964343	0	0.0307860320960909	0	0.00700000000000001	0.242351126150841	1.01650597196124
GSM1297052	0	0.0178128156281429	0.192881602281475	0.0218712778347858	0	0.127073186005353	0	0	0.0368655721657812	0	0	0.0231575843609852	0.0483250943851598	0.0447142334598908	0.0759151395417322	0.264966445074396	0.0708133287508774	0	0	0.0646038462974082	0	0.0109998742140115	0.119	0.114884303297819	1.04422754200284
GSM1297054	0	0.111406942948519	0.0664793683494098	0.178552868197988	0	0.00316366831090969	0.0297097004339022	0.109923482541128	0.0516932660432316	0	0	0.0684977425321598	0.099179359684334	0.0128666776805914	0.0752501301979426	0.0898712151774948	0	0	0.103405577902389	0	0	0	0.649	0.015423211751389	1.07929057422243
GSM1297056	0	0.0318833780471589	0.275159321769379	0.0554976194365221	0	0.12138522777111	0.0257251289959878	0.0181728901680141	0.00861330029832432	0	0	0.0427806931946857	0.042463414567747	0.00577857510331088	0.0373817814944486	0.0948949328912575	0.0562055299588853	0	0.158655349221635	0	0.0219583362835047	0.00344452079802909	0	0.3866137198224	0.928251312970541
GSM1297058	0	0.161279431039407	0.190566458762198	0.0164526245338295	0	0.176671441224501	0	0.000240438936358051	0.0442660936504488	0	0	0.0433818943077134	0.0911963542126592	0.0377666688770671	0.0072355369071982	0.147614280038817	0	0	0.0152866652832681	0.0417756206800801	0	0.0262664915464548	0.179	0.0945714274885902	1.06781377773725
GSM1297060	0	0.0571612431576876	0.291420739422508	0.0178131749463666	0	0.110277265013445	0	0	0.0727325218425352	0	0	0.0390188628585967	0.131603575146721	0.030134734754841	0.0154309024853449	0.0769025450749562	0.0526774280303539	0	0	0.104827007266643	0	0	0.031	0.174714872072865	1.04765582908971
GSM1297062	0	0	0.286101360959286	0.0528078122287651	0	0.0641513353854183	0	0.0387960807692553	0.0803208461395779	0	0	0.0754103734468924	0.118558660829699	0	0.0274407900547708	0.113318360728347	0	0.0164051348700329	0.126689244587955	0	0	0	0.012	0.21031424547934	1.02157593459094
GSM1297064	0	0.0102796431377093	0.176725441358174	0.239732511590175	0	0	0.127688900013718	0.0270603802933112	0.0288709893764726	0	0	0.0458900840021616	0.046279370867513	0	0.123805224222175	0.0985221889844066	0.0110609905195166	0	0.0598414536037507	0	0	0.00424282203091609	0.003	0.265863938151312	0.983899402110066
GSM1297068	0	0.0109897706921772	0.358336159892469	0.110890710084415	0	0.054121838243208	0.018833371314609	0.0122994239424088	0.046111016311996	0	0	0.026863202080043	0.075782006341916	0	0.0332719152108961	0.15810239583544	0.00488816988075514	0	0.0810379828295648	0	0.00847203734010182	0	0.004	0.249651145219343	1.02439757427623
GSM1297070	0	0	0.184114495380807	0	0	0.286188243449838	0	0	0.0441708918432448	0	0.0140458715636845	0.0133428030966571	0.0730645088865019	0.00613913833451708	0.0725992389829386	0.182086779345298	0	0	0.0691450954725236	0.016428969441912	0.0117360037909137	0.0269379604111646	0.115	0.117202353594698	1.03981302780536
GSM1297074	0	0	0.370838340969305	0.0926031264890217	0	0.0331464552461155	0	0.0352661431233453	0.0603732214340978	0	0	0.0652687793866705	0.076373164682109	0.00462688366414399	0.0143557813334961	0.16866565812568	0.00180183265091128	0	0.045250202245944	0	0.0314304106491597	0	0.00800000000000001	0.237583450573915	1.03668491278152
GSM1297076	0	0.114690235825286	0.172654143447001	0.000179958388223531	0.0046963979623128	0.12127317602992	0	0	0.0592622882817169	0	0	0.0636049015935278	0.195464832634505	0.0878392687873752	0.0140565491394782	0.0322315442421641	0	0.0111141315905157	0.122319901888069	0	0.000612670189905003	0	0.338	0.0589402392725717	1.06833029399037
GSM1297078	0	0.0685117028413756	0.0597369714240193	0.10573721206001	0	0	0	0.0348206795548165	0.0374846361022801	0	0	0.00127922818382368	0.254495297307978	0.0321543856201284	0.0245320608780678	0.12934311736319	0.0590021523532581	0.018071705659215	0.0484966334297002	0	0.126334217222137	0	0.386	0.0492683367082239	1.0478928536257
GSM1297084	0	0.140699235140995	0.138742370869993	0.049221540546974	0.00707244257703888	0.0792795812240107	0	0.033344444957304	0	0	0	0.0680223178584555	0.0976987236659195	0	0.0311678881398778	0.0601518554420064	0.106336630716076	0	0	0.165187027668582	0	0.0230759411927677	0.027	0.182423337756772	1.0190952484111
GSM1297086	0	0.0265287006635339	0.452533133247746	0.055499078877252	0	0.055572023650399	0	0.00103983040714572	0.0312903470807102	0.0106298157031394	0	0.0229662196859914	0.0492213633151498	0	0.0875907402311337	0.122363429794379	0.0262324677617932	0	0.0397451448681626	0.00556761448395672	0	0.0132200902295068	0	0.369202817213176	0.99064527724388
GSM1297088	0	0.0568163937102377	0.410930410736427	0.0829518900009067	0	0.00322733738032026	0.111985572412497	0.0828939419035625	0	0	0.0125047107867342	0.0369596672538519	0.0703476719402826	0	0.0621771388612166	0.000597754315620656	0	0.0300617021360705	0.0370167738787535	0	0	0.00152903468351902	0	0.355280264536927	0.990407336388628
GSM1297098	0	0.18771133536213	0.238065168365559	0.0573445508770311	0	0	0.0815020061524989	0.0179407988601172	0.00263925387879694	0	0.0305932829206854	0.0254230329162007	0.0486582881299049	0.00398643675842988	0.157881272798737	0.0828006609861685	0.0197131739704938	0	0.0457407380232463	0	0	0	0	0.355587809781311	0.957691871371108
GSM1297102	0	0.103087981066497	0.24350239836544	0.110629690531978	0	0.0137309164053551	0.0257562102727647	0.0384365687803894	0.00419633209990427	0	0	0	0.122917326939645	0	0.0430457795957179	0.0616910481426363	0.0100451636671127	0.0900707590636147	0	0.119324911729185	0	0.0135649133397599	0.001	0.328573493601673	0.961065457611881
GSM1297104	0	0.147292099053243	0.134322686262152	0.0602059048334716	0	0.0886417432414367	0.0594407805012931	0.0102182561558204	0.0166605533195368	0	0	0.0360706935234715	0.152336122260767	0.0262543654706991	0.0340109566112442	0.10673674524928	0.0593711858297764	0.0129925028034961	0.0554454048843121	0	0	0	0.0629999999999999	0.145261574317553	1.02351813871436
GSM1297106	0	0.00135907548650343	0.306199255748335	0.165412997841244	0	0.0661758854434314	0.0138684354611635	0.0407806866923261	0.0100966181548927	0.0216976528762982	0	0.0638798764738476	0.0688936837478224	0	0.0693023048264409	0.113505512608052	0	0	0.0203716091723177	0.00690913246887152	0.031547272998453	0	0.004	0.251857707946297	1.01286231260923
GSM1297114	0	0.0779996879712619	0.272728157818851	0.119277957854459	0	0.00106559449390746	0.0316475626129106	0.0568163229617582	0.0383198599595722	0.0137317276817055	0	0.0161694490454885	0.0569202913414305	0.0106765360532596	0.211766767545133	0.0751250333293896	0.00283662300973442	0.0108277790972814	0.0040906492238568	0	0	0	0.002	0.313497511084168	0.991568684907013
GSM1297116	0.0768386426884342	0	0.447429971809099	0.0520291601067773	0	0.0481475387472183	0	0.0559688394678308	0.0540932434212474	0.00359498395689385	0	0.0130731240052717	0.0853227576993396	0.00765130457008983	0.0477098628920766	0.0647893135745753	0	0	0	0.0433512570611464	0	0	0	0.492502896274855	0.903653709872209
GSM1297120	0	0.124425398620193	0.240062160969085	0.0056661765132779	0	0.140112709922179	0	0	0.0765358010580601	0	0	0.0650143017063256	0.205842209470844	0.00992962750034014	0.00943200551384205	0	0	0.0917891911228988	0	0.0311904176029549	0	0	0.053	0.15360933210265	1.05435008810103
GSM1297122	0	0.211641301981988	0.201089667521684	0.0985948388018127	0	0	0	0.0521186155413689	0.044563458887314	0	0	0.0321001446516611	0.0730043262910788	0.0310875069594119	0.0515810471664628	0.0968848164265999	0.0135520920928921	0	0.0701846443484422	0	0	0.023597539329284	0.002	0.300720829835672	0.975962391782521
GSM1297128	0	0.107078943033124	0.229948808197378	0.0821429195871595	0	0	0.0647474150155022	0.0390622595199227	0.0377870150527101	0	0	0.0105780255120729	0.103658306909273	0.0418796725908228	0.078617474442061	0.0805008739968041	0.0411081348298005	0	0.0828901513133692	0	0	0	0	0.380094374708191	0.929589710035796
GSM1297132	0	0.13507829869709	0.106892769077997	0.0752227491080289	0	0.144307126530315	0	0.0036371928949249	0.0561495571747043	0	0.00890925635871996	0.028936031487491	0.156360601649528	0	0.0996254979714519	0.161149925581017	0	0	0.0237309934687324	0	0	0	0.189	0.0913816537465954	1.05133691172559
GSM1297134	0	0.136947938276823	0.183997232457656	0.00266027003647728	0.0770711962883359	0.15643215951664	0	0	0	0	0.0300102978531409	0.0562003570584915	0.136968322974066	0.0435458219832831	0.0270874445051444	0.0252450634280498	0	0.0963242883841125	0.0275096072377793	0	0	0	0.204	0.0877768561059671	1.06623492922487
GSM1297136	0	0.307397395426377	0.136251321228897	0	0	0.0669862262633331	0	0.0322569716390681	0.086370519631726	0	0	0.0764951495460206	0.0716433830657713	0.035799105679576	0.0376543922970041	0.0460777767718844	0	0	0.103067758450343	0	0	0	0.215	0.0857205506558946	1.08448915042465
GSM1297138	0	0.134221404457045	0.143950335513347	0.0726937850926344	0	0.0625964360289278	0	0.0727052433510648	0.0434276130346416	0	0	0.157682445001778	0.115232399475606	0.109097692563142	0.0157006122942437	0.0143491039644813	0	0	0.0492407098255281	0	0.00910221939755985	0	0.222	0.0828676048260695	1.07213962878977
GSM1297140	0	0.206858664539542	0.22715539466775	0.0472742393225122	0.0193088933260332	0	0	0.106936308860997	0.0388546437615595	0	0	0.0629117819570806	0.179180476085013	0.0361660384459201	0.0247104099177971	0.0378664752184192	0	0	0.00741064182995823	0	0.00536603206741844	0	0.048	0.160219463666664	1.06167595108595
GSM1297146	0	0.110692703829987	0.0994195869859192	0.0940612476058881	0	0	0.0738323381289685	0.0617125951974715	0.0258538068983188	0	0	0.0455503113349088	0.0827433422848736	0.000164782227165455	0.13296696324622	0.112149130338324	0	0.0979766672308065	0.0628765246911474	0	0	0	0.261	0.0726147845019215	1.06085779772869
GSM1297148	0	0.00425136123830944	0.0700838026127881	0.135503015618551	0.0352581945284143	0	0.095565052917832	0.0515156606462258	0.0288401439108097	0	0	0.0835759635794159	0.075710244080482	0	0.223337499964901	0.0833692302544462	0.0960772877714689	0	0.0169125428763562	0	0	0	0.025	0.184025455462992	1.02889261400243
GSM1297150	0	0.0935213408225111	0.289631240817189	0.0635795101105791	0	0.0462754054093063	0.0294395256950603	0.0447584615993119	0.014289932500193	0.0169424126408541	0	0.0385571729059831	0.0467260070655067	0.0309627061424964	0.116842625324111	0.0814020765013649	0.0233626070940756	0	0.0636811123171771	0	0	2.78630542802264e-05	0	0.485854356604532	0.876233994260844
GSM1297154	0	0.134368425808251	0.279719841203477	0.0732042385613509	0	0.0335116417230412	0	0.12865973349516	0.0374045238155168	0	0.0117808503297046	0.0267287672315222	0.160485091427718	0.0452708953515278	0.0566213417141108	0	0	0	0.0122446493386205	0	0	0	0.01	0.226867866610313	1.03375099853125
GSM1297156	0	0.193136158251003	0.29186098871575	0.0276918163380685	0	0.0470022675301521	0	0.0353276412034457	0.0641809990494897	0	0	0.069576805496772	0.138329880628691	0.0445020924090414	0.0211657448402237	0.0473826068637608	0.00357479388334178	0	0.0162682047902597	0	0	0	0.085	0.129526320259992	1.10020646757697
GSM1297160	0	0.119802671831344	0.157969655218607	0	0.0241468812657583	0.265342380433428	0.00234588737365583	0.0433181668167978	0	0	0.0512281974189671	0.0160397463447614	0.0617093933635367	0.0742583154431917	0.106433193560948	0.0339720823081828	0	0	0	0.0434334286208215	0	0	0.077	0.133835860510499	1.04668728855984
GSM1297164	0	0.103840855892885	0.16242072845242	0.00884619994668097	0	0.146520420799511	0	0.01902474441228	0.0453222306815187	0	0	0.0618873051287665	0.0994399019294186	0	0.126123881330181	0.122231132745927	0.0079814760658628	0	0.0378900431075644	0	0.0459797365550328	0.0124913429519504	0.003	0.291899393241257	0.969057252015501
GSM1297166	0	0.0935816038480656	0.231982386952917	0.0646629614883585	0	0.0793897081757571	0	0.0235008274645008	0.0267765509144373	0	0	0.0398429223299206	0.147287791512149	0.00488443463656225	0.0575909036020326	0.0510164030697278	0.0911194257045338	0	0.0858245788191749	0	0.00253950148186241	0	0.003	0.264131395314309	0.987141610019508
GSM1297174	0	0.0515726209784033	0.15845235758254	0.0920796746236092	0	0.0545527247835736	0	0	0.0617844563582367	0	0	0.0355272143326118	0.120193901787945	0.125389401613597	0.0674510116981381	0.0159244208051677	0	0	0	0.172675426465556	0	0.0443967889706221	0.43	0.0437017655165234	1.08139832880317
GSM1297178	0	0.048006654764231	0.0774211645538171	0.207238953578008	0	0	0.141266703518806	0.00781487530832145	0.0253038671833702	0.0145477075918483	0	0.0130430591263098	0.0676763055324127	0	0.0711805250258961	0.196073015734603	0.066658225045488	0	0.0637689430368885	0	0	0	0.003	0.285482426342655	0.961844214544
GSM1297180	0	0.0375490139189451	0.180937698717809	0.0508738946588754	0	0.0790625421696104	0	0.00289520197340971	0.0169426481964556	0.0122624855095236	0	0.0492502256734765	0.0711542755394032	0.0693045218114669	0.104813162870543	0.0422285073826409	0.14754375288613	0	0.0602556008381313	0	0.0749264678535806	0	0.0590000000000001	0.147532325419985	1.02390269238946
GSM1297182	0	0.125496334724746	0.128184133382544	0.0936817403115691	0.011288154638672	0.0784493698764114	8.89471477167936e-05	0	0	0	0.0103700699913621	0.0027454786160869	0.247989560756413	0.114451603677862	0.0188468693882736	0	0.0678696733039501	0.0198946419157085	0.00741871999178702	0.0732247022768967	0	0	0.00600000000000001	0.245351996595476	0.984698958934113
GSM1297186	0	0.0564899289423569	0.192695511346812	0.0526992916229669	0	0.170519375070001	0.00132408965821809	0.0214174425918473	0.00101397948544826	0.0398551796389547	0	0.0118518766130933	0.0346325740616553	0	0.115494562583271	0.10548323200067	0.0836752116554589	0	0.0766814532993847	0	0.0243756650671078	0.0117906263627536	0	0.38148595419615	0.9258197619141
GSM1297190	0	0.0569298425636606	0.169409566150855	0.0420453952358035	0	0.152045291503209	0	0.0486896379985213	0.055513075060668	0	0	0.0246225719015799	0.103564428325189	0	0.0433850101696731	0.110272819274815	0.106236543711896	0.0570750085554369	0.00871962104606385	0.00539335675383797	0.0160978317487914	0	0.139	0.10687657733821	1.04143576297015
GSM1297192	0	0.11775371125066	0.225964118075276	0.0747247450293154	0	0.0210025858418826	0.0563476181524752	0.0225978899865813	0.0371939196699665	0	0	0.0137619215719798	0.0930261172083216	0.0680347819573515	0.0694129197237805	0.0999029729362153	0.0297167620190476	0.0145009350273351	0.0560590015498117	0	0	0	0.005	0.248269171286962	0.995448703775757
GSM1297196	0	0.0055916621058215	0.332740788345335	0.189500454167437	0	0	0.0380659740677821	0.0509728773646187	0.0394818598228087	0.0170947255517927	0	0.0109549113091107	0.0260823495799376	0	0.104592645574236	0.126222590009901	0.0227060793361409	0	0.0146310041028013	0	0	0.0213620786622765	0	0.556900578223813	0.830211250567388
GSM1297202	0	0.143317780053529	0.203306116985555	0.0796440253491276	0.0230385671515118	0	0.139705246256015	0.00547359082061435	0	0	0.00430766371500776	0.0686906971655065	0.0433112223019052	0	0.129745336084033	0.118280917938187	0	0.00443385476856275	0.0209895074735592	0	0	0.0157554739368854	0.00900000000000001	0.230079000942901	1.01273778714656
GSM1297208	0	0.0799924767244227	0.210147159137001	0.115487413196114	0	0	0.0933965367755383	0.00125713715739183	0.0343699061975471	0	0.0220433320516241	0.0800128690957281	0.0473957671647552	0	0.230332364141465	0.0301204838349864	0.00805711524517203	0.00407687175425839	0	0.0319292655499484	0	0.0113813019740475	0.001	0.341660630575273	0.970149545290182
GSM1297210	0	0.0376139892068286	0.472926330926572	0.0334661465720337	0	0.124988439588819	0	0	0	0	0	0.066657301085436	0.0860632359305409	0.00208975890917512	0.0387678441259831	0.0732142727959137	0.00138176718780775	0	0	0.046894976752119	0.0115979957597828	0.00433794115898879	0	0.397837486194468	0.981200145792375
GSM1297214	0	0.0521996190394782	0.128919649457523	0	0.0306223209545042	0.133458177054626	0	0	0.03290861462589	0	0	0.0506886335106384	0.23066409149838	0.0246657838397294	0.0134030303787538	0.102849263986388	0.0779758899121887	0.0241919458459599	0.0974529798959403	0	0	0	0.139	0.106679284967477	1.03214752274263
GSM1297216	0	0.0916606097150983	0.240222487942775	0.0679358091345521	0	0.0286687060194366	0	0.0791533843591385	0.0439167436561174	0	0	0.0444179215590261	0.153189154235229	0.0230033897170838	0.0949083323718309	0.0485446249200241	0	0.056904876621233	0.0274739597484546	0	0	0	0.00700000000000001	0.244580685435171	1.00524976441557
GSM1297218	0.0186204439032306	0.0549852507546923	0.356427064413506	0.045971251030363	0	0.0993776780827369	0	0.0183762882047309	0.0727208393771275	0.00212861794618975	0	0.020993512525219	0.136167319546412	0.0222571748967292	0.0337564813188907	0.0504540312230063	0.0222265258847385	0	0.0455375208924277	0	0	0	0.002	0.321189988509531	0.990998914288768
GSM1297220	0	0.121930029839594	0.0556892585382635	0	0	0.165606051651919	0	0.0453981397273207	0	0	0.021617527233996	0.0210587054981302	0.0847630407046227	0.0963677704109823	0.139801457094626	0.101695476527077	0.114779565996741	0	0	0.0218381103654706	0	0.00945486641125764	0.46	0.0401506847515734	1.06296269192609
GSM1297224	0	0.108917025967994	0.194178594399024	0.020681417411523	0	0.193754516677895	0	0.0220285074503903	0	0	0	0.0706682287670747	0.0329854047188116	0.0346434260246429	0.186765889435405	0.105722010226714	0.00504321895272939	0	0.0246117599677958	0	0	0	0.004	0.255711068223026	1.00334371800181
GSM1297226	0	0.191549617635033	0.210582060884351	0.0712076388773542	0	0.0907630874397127	0	0.0894822412491635	0	0	0	0.102384740453574	0.104400769190674	0	0.122226913732099	0.00213893264248394	0	0.00240791725997413	0.0128560806355818	0	0	0	0.219	0.0840545549076717	1.10679665496108
GSM1297230	0	0.143576292658912	0.179690029096839	0	0.0348721065900991	0.0791283605777847	0	0.0227408698645232	0.000928078569696707	0	0	0.0901171923823431	0.144100585903978	0.0908871285464533	0.0565691373138169	0.0645400018373389	0.0104592533510519	0.0164304713129179	0.0659604919942458	0	0	0	0.173	0.0971764965024353	1.05832132375836
GSM1297232	0	0.150550465900449	0.218712295116925	0.113816955206133	0	0.0556826896679521	0	0.0791072129430197	0.0841671606846851	0	0	0.0353322787406966	0.0734562614902574	0	0.0275985198399337	0.035939109363117	0.041936897603984	0	0.069136145616118	0	0	0.0145640078267302	0.031	0.174985345379358	1.0428912977506
GSM1297236	0	0.244215621550344	0.268343388164956	0.104595982073049	0.0023089889391586	0	0.0929388408445478	0	0	0	0.018612144053588	0	0.00191405371982772	0	0.0818857244796769	0.124911045472737	0.0138267215690667	0	0	0.0412536724332984	0	0.00519381669974977	0	0.554583630826768	0.833180920250386
GSM1297240	0	0.133637948851102	0.12244347188682	0.0593890004238058	0.0817272969138523	0.079211634500036	0.00944579934082279	0	0	0	0.0511698335801845	0.0222032402563373	0.221964963150999	0.0379768528146003	0.101371683060795	0	0.0454508354414652	0.00899742295111529	0.0250100168280654	0	0	0	0.225	0.0818459004294389	1.05704218363734
GSM1297244	0	0.19694845588621	0.128447351978145	0	0	0.0714013321335076	0	0.0893029192824087	0.0467772462295442	0	0	0.0525781548589758	0.313222100440998	0.0428702933259004	0.0468668820244497	0	0	0.00118310819819239	0.0104021556416677	0	0	0	0.105	0.122042011337425	1.05364090643017
GSM1297246	0	0.188135852900307	0.218458174866678	0.109346658134807	0	0.0975206762892123	0.0384376537728838	0.0113722580296948	0.041340465057334	0	0.0526045523402799	0.0289835011994105	0.142924864811534	0	0.0577616942401202	0.000522979248006297	0	0	0.00895096162469911	0	0	0.00363970748503406	0.001	0.329836583363119	0.968554261467186
GSM1297248	0	0.108775595783262	0.0421025552653682	0	0	0.133264394390385	0	0.00209325455796973	0.114117114998042	0	0.068066418229597	0	0.357245308283897	0	0.00816131394228229	0	0	0.0116432667021775	0	0.148012433866614	0.00651834398040515	0	0.645	0.0164695249886293	1.08632867287288
GSM1297252	0	0.110197554187214	0.153273516233104	0.00647272942309319	0	0.0653171718157076	0	0.0369897397311403	0.0546509629445486	0	0	0.109775687299886	0.170347609499688	0.0332693894135794	0.0878445425580254	0.0573934672772929	0.0158073102468252	0	0.098660319369896	0	0	0	0.198	0.0890767685302231	1.05651775589226
GSM1297254	0	0.133589434621929	0.139082870059495	0.0496023497336499	0	0.136799569018043	0	0.0502962370456271	0.0814772528264085	0	0	0	0.330410345275345	0.0118326019140892	0.00306750957975783	0	0	0.0305194436335354	0	0.03332238629212	0	0	0.262	0.0723237121668048	1.07393487336301
GSM1297260	0	0.122319146273915	0.216712388779889	0.0803713778142126	0	0	0	0.04633773357926	0.130574082517278	0	0	0.074889914087612	0.196988860927389	0.0758095927869399	0.029864230890382	0.000379184706518384	0	0.00374383718532372	0.0220096504512803	0	0	0	0.123	0.112823982506925	1.06919547463868
GSM1297262	0	0.157159754184038	0.217850872459517	0	0	0.0856165340224035	0	0.082514031771416	0.0557957416019313	0	0	0.0817182313484008	0.2446122435752	0.0121349592810744	0	0.0430650773142966	0	0.0109598015166424	0.00857275292507909	0	0	0	0.218	0.0848778705940927	1.09002379621057
GSM1297264	0	0.0926067558527958	0.0291334643983884	0.0148415824355631	0	0.281882452285818	0	0.00386748372575545	0	0	0	0.0283882024874122	0.0868134335335052	0	0.00478233124567889	0.364140132302228	0	0.0187342128688946	0	0.0577705458720115	0	0.0170394029919483	0.49	0.0370082337154813	1.06627006316536
GSM1297266	0	0.183988027748442	0.0419549959103146	0.00544611690192688	0	0.101298594217931	0	0.0672415033815188	0.0636066489248284	0	0	0.107579782297144	0.219689572776861	0.13712059143168	0.00594614375909269	0.0330450458843453	0	0	0.0330829767659146	0	0	0	0.984	-0.0489412693300998	1.10473592035809
GSM1297268	0	0.149279770836087	0.0918435587851178	0.121161719068273	0	0.2213981010059	0	0.0111055190655678	0.0770778567302158	0	0	0	0.195058820245861	0	0.000633600389271886	0	0	0.0125858181773498	0.100745609169025	0	0.0191096265273316	0	0.797	-0.00513306101214394	1.10094767824702
GSM1297270	0.00662658667336645	0.0499469834938421	0.16798520819215	0.139196898407578	0	0	0.13423159215176	0.119131497362653	0.0245589500650703	0	0.0174009717274391	0.030607924734564	0	0	0.0914950768628319	0.178807569058141	0	0	0.0265423250336478	0.000198172280476798	0	0.0132702439564801	0.011	0.216725712579483	1.00423574142046
GSM1297272	0	0.0450052945640069	0.158366137958548	0.140804424872237	0	0	0	0.154018479833368	0.0497709229911254	0	0	0.0649516065757908	0.0319133074098447	0.0216954116804718	0.17553569296641	0.114293036891503	0	0	0.0436456842566932	0	0	0	0.035	0.170963705047321	1.03755360887888
GSM1297274	0	0.151382576511349	0.168626744474585	0.0551041498727048	0	0.0581689068575968	0	0.0920673380948215	0.0103803089490623	0	0	0.047858336558055	0.122976755734819	0.08518186686944	0.052534345800372	0.123948495470117	0	0.0317701748070778	0	0	0	0	0.01	0.225841182147084	1.00143485135464
GSM1297276	0	0.285020700399185	0.169931096973027	0.113100453421971	0	0.0127410536644568	0.0213874619949898	0	0.0554902208036447	0	0.0110729998488469	0.0560807868045992	0	0.0645201302860102	0.0620902362263432	0.13996647902691	0	0	0	0.00859838055001624	0	0	0.003	0.271888696432035	0.999276415604973
GSM1297280	0	0.040077746189558	0.253835905368536	0.022737044978759	0.0494789661063205	0.0545369012557275	0	0.0283119877239721	0.047274153859163	0	0	0.0583985632152117	0.147325944009265	0.076253268758932	0.0261017061835182	0.0852771638115009	0	0.047525390353107	0	0.0628652581864291	0	0	0.105	0.121491687312409	1.05787336902193
GSM1297282	0	0.147989569373426	0.0755177429830408	0.162757264660111	0	0	0	0.0778938740657267	0.0272518080296542	0	0	0.103683236148949	0.0478495508994948	0	0.165610581749977	0.0660177836928568	0	0.0717083369399476	0.0537202514568168	0	0	0	0.01	0.225270651900302	1.01093046486887
GSM1297284	0	0.112252756667615	0.0994383629815031	0.0432401891278795	0	0.0865953849318114	0	0.0389980811976397	0.0972310118914824	0	0	0.0823201888667006	0.186966445728666	0.126458325743789	0.00888392156484846	0.115684058641685	0	0	0.00193127265638029	0	0	0	0.935	-0.0260415708880405	1.09563911790445
GSM1297286	0	0.164631039081251	0.166966504527486	0.00297348691149893	0.125073529186605	0.140819983682518	0	0	0	0	0.0164965250498858	0.029739976107478	0.257305445010876	0.0401501516755381	0.000746173802060468	0	0	0.00771439666249821	0	0.0473827883023036	0	0	0.196	0.09003425319778	1.07128410118456
GSM1297290	0.0033010457137234	0	0.205549942661486	0.0403312993478221	0	0.0571243117635606	0	0.0408161378491185	0.0888064254393796	0	0	0.0760087312112994	0.177188443639734	0.0191503184777251	0.0602218308931295	0.145074929958867	0	0.0554142532000508	0.0310123298441038	0	0	0	0.672	0.0119754609169661	1.08939768445509
GSM1297292	0	0.136344956429789	0.0745433432791926	0.108726254443893	0	0	0	0.0723787289952144	0.0234583707573113	0	0	0.0892005026216676	0.159859510164338	0.0673086757824506	0.118669850522651	0.0702154044213592	0.0161716547046116	0	0.0631227478775216	0	0	0	0.229	0.080983400553374	1.05287482949658
GSM1297294	0	0.16715067739889	0.076996426323428	0.0113815256670593	0	0.132485374969822	0	0.0381095694642567	0.0436083997638366	0	0	0.114349319427855	0.291490759243432	0.094484626338886	0.00571289046909183	0	0	0	0.0242304309334423	0	0	0	0.694	0.00913147389012142	1.09090674975943
GSM1297296	0	0.146569050565381	0.257373639792495	0.12342435383838	0	0.0178341389537898	0.0086953574094009	0.0504879423915448	0.0341236482211679	0	0	0.0495992697126199	0.0835259620341658	0.012648251678911	0.0617872006959165	0.0925284401542591	0.00849686227207568	0	0.0529058822798929	0	0	0	0	0.405116643908909	0.924229147001026
GSM1297298	0	0.164217473987824	0.277542616047066	0.0894645222714046	0	0	0.0880709326034844	0.0333156330193233	0.00776528581352859	0	0.0390601433866597	0	0.0401440734943362	0	0.130040931055197	0.0676971207812596	0.0108586028567777	0.00475427632153244	0.0406106303613198	0	0	0.00645775800028703	0	0.503476846414597	0.867221143247844
GSM1297300	0	0.195476466793843	0.14419721456201	0.118951949435884	0	0	0.0437959600571805	0.0421609330886096	0.0357255659813516	0	0.025104075547206	0	0.154031044025114	0	0.143033881990432	0.0125546071840257	0	0.0127949674068154	0	0.072173333927529	0	0	0.03	0.178547704957487	1.03368428291686
GSM1297302	0	0.0730981291657973	0.157272279466965	0.131950597090514	0	0	0.194151621004857	0.0284516152101994	0	0.0606269484074058	0	0.0513837862553269	0.0520562808402517	0.0271015480117686	0.113170104111538	0.0319799046423458	0.00553255410146423	0	0.0732246316915667	0	0	0	0.01	0.228555465368105	1.00039382364795
GSM1297304	0	0.0597876172450053	0.148033142170827	0.0779533944887586	0	0.0542881363440415	0	0.041594686835106	0.09855186239206	0	0	0.0737009150403581	0.256558064517091	0.0590222761018034	0.0375704378030451	0.0296520838094778	0	0.0159430039617754	0.047344379290651	0	0	0	0.341	0.0583483193464091	1.06573710641374
GSM1297308	0	0.153470673065811	0.192498622400282	0.0875787443572551	0	0.0772458699159618	0.00628715535604816	0.0790655790943491	0.0376100583062619	0	0	0.0619217174667016	0.0694698313246418	0.00499894063621625	0.0881585912579292	0.0957251319614325	0.00158306437228582	0.00899394273571042	0.0324553583578691	0	0.00293671939124479	0	0.004	0.256485182800604	0.996641431771707
GSM1297310	0	0.147474435161097	0.0948984200580422	0.0539797639129353	0.00194786776827049	0.0662095147054103	0	0.0145814353555382	0.0537355318861142	0	0	0.0871212291276675	0.274844667940157	0.0794327394578268	0.0397262622378727	0	0.0145259461799682	0.0425056919111578	0.0290164942979424	0	0	0	0.834	-0.00917537425252394	1.0901980497372
GSM1297312	0	0.0649252423841194	0.0396535304948334	0.0517107955562326	0	0.00993945438634171	0.0337851418360885	0.123447489396517	0	0	0	0.123429086978453	0.240957759243389	0.0479090592932686	0.219161036384727	0	0	0	0.0450814040460299	0	0	0	0.499	0.0357341893522533	1.10309298831729
